ENCUT = 450.000000
POTIM = 0.500000
SIGMA = 0.050000
TEBEG = 300.000000
TEEND = 300.000000
ALGO = Fast
GGA = PE
PREC = Normal
IBRION = 0
ISIF = 2
ISMEAR = 0
ISTART = 0
ISYM = 0
NSW = 10
IVDW = 12
MDALGO = 4
LCHARG = .FALSE.
LWAVE = .FALSE.
LREAL = Auto
